1,1,0
1,2,0.0430631611982806
1,3,0.0162795482291798
1,4,0.0155414805526536
1,5,0.000416049850666602
1,6,0.0268271106973126
1,7,0.000217139742428016
1,8,0.00291832765477715
1,9,0.0051529490396213
1,10,0.00106076800539282
1,11,0.110050779093323
1,12,0.00417007105483772
1,13,0.00668828343671509
1,14,0.0238056234000403
1,15,0.46088860436053
1,16,0.00218654534611146
1,17,0.0988663190206732
1,18,0.000940981895796318
1,19,0.0120336988470612
1,20,0.00259646721456159
2,1,0.0430631611982806
2,2,0
2,3,0.000722346711293253
2,4,0.00127034419320713
2,5,0.000751954656926833
2,6,0.0177122539940382
2,7,0.000302381125337876
2,8,0.000252787780696323
2,9,0.0054925542402381
2,10,9.04873968707524e-05
2,11,0.301431407127804
2,12,0.00202036907457078
2,13,0.000368858281415565
2,14,0.00831489237828732
2,15,0.020162887498482
2,16,0.000183083119850984
2,17,0.00525030860999898
2,18,0.000188342776466972
2,19,0.000747637026877926
2,20,0.000245617172021512
3,1,0.0162795482291798
3,2,0.000722346711293253
3,3,0
3,4,0.065832411743716
3,5,7.22977070945059e-05
3,6,0.00306326015646937
3,7,5.62159702290605e-05
3,8,0.0279402624775252
3,9,0.000802250821352672
3,10,0.0143941623213037
3,11,0.00180479216582646
3,12,0.00170895673769386
3,13,0.179917738230536
3,14,0.00580735536460878
3,15,0.0326806314553938
3,16,0.0252446927484473
3,17,0.116833872614481
3,18,0.00242988974531663
3,19,0.14477876169748
3,20,0.0210126559541558
4,1,0.0155414805526536
4,2,0.00127034419320713
4,3,0.065832411743716
4,4,0
4,5,0.000899822386567467
4,6,0.0219011905060073
4,7,0.000778007220660011
4,8,0.187342495402055
4,9,0.00828251894749553
4,10,0.0674108990385349
4,11,0.00215438968310608
4,12,0.022866833247354
4,13,0.168678821444401
4,14,0.0524331631278998
4,15,0.0210946242367031
4,16,0.138826340023778
4,17,0.127955856425041
4,18,0.0326458019169978
4,19,0.379739811576045
4,20,0.165939979779461
5,1,0.000416049850666602
5,2,0.000751954656926833
5,3,7.22977070945059e-05
5,4,0.000899822386567467
5,5,0
5,6,0.0150579164809334
5,7,0.355656650232923
5,8,0.00056903005250736
5,9,0.0777125127015036
5,10,0.000317260832089343
5,11,0.000386698800736194
5,12,0.0389312818136423
5,13,0.000156666568071453
5,14,0.0114444585189396
5,15,0.000259160922350694
5,16,0.000439687293158468
5,17,0.000436049963458318
5,18,0.00440904734791786
5,19,0.000342139138932455
5,20,0.000720374964661683
6,1,0.0268271106973126
6,2,0.0177122539940382
6,3,0.00306326015646937
6,4,0.0219011905060073
6,5,0.0150579164809334
6,6,0
6,7,0.00809323150178867
6,8,0.00633838282932009
6,9,0.191397315089906
6,10,0.00247204594432774
6,11,0.0148498761321658
6,12,0.112352063078113
6,13,0.00393173669076247
6,14,0.38215124577967
6,15,0.0172096497145878
6,16,0.00455843641334578
6,17,0.0234343110829506
6,18,0.00963068061209026
6,19,0.00907371413525003
6,20,0.00689673071371612
7,1,0.000217139742428016
7,2,0.000302381125337876
7,3,5.62159702290605e-05
7,4,0.000778007220660011
7,5,0.355656650232923
7,6,0.00809323150178867
7,7,0
7,8,0.00062141482513586
7,9,0.0418658431997081
7,10,0.000389830771530906
7,11,0.000166799291255247
7,12,0.0328637823612458
7,13,0.000143570656739203
7,14,0.0073810808025107
7,15,0.000144091834861041
7,16,0.000495227802869497
7,17,0.00029391695017123
7,18,0.00620211577347856
7,19,0.000300492393508856
7,20,0.000807772341788947
8,1,0.00291832765477715
8,2,0.000252787780696323
8,3,0.0279402624775252
8,4,0.187342495402055
8,5,0.00056903005250736
8,6,0.00633838282932009
8,7,0.00062141482513586
8,8,0
8,9,0.0035634496673
8,10,0.356894049325128
8,11,0.000408284218823892
8,12,0.0135496619772411
8,13,0.14284225053147
8,14,0.0164442838268105
8,15,0.0040869415967902
8,16,0.717280165593619
8,17,0.0257065827924211
8,18,0.0682902737153269
8,19,0.174991531731309
8,20,0.731727275455875
9,1,0.0051529490396213
9,2,0.0054925542402381
9,3,0.000802250821352672
9,4,0.00828251894749553
9,5,0.0777125127015036
9,6,0.191397315089906
9,7,0.0418658431997081
9,8,0.0035634496673
9,9,0
9,10,0.00161231763766863
9,11,0.003588666604602
9,12,0.21651232889862
9,13,0.00139713107184454
9,14,0.137669559829907
9,15,0.00330840273530509
9,16,0.00262733446509242
9,17,0.0053549215811742
9,18,0.0127084203701048
9,19,0.00317921041833352
9,20,0.00421903837930482
10,1,0.00106076800539282
10,2,9.04873968707524e-05
10,3,0.0143941623213037
10,4,0.0674108990385349
10,5,0.000317260832089343
10,6,0.00247204594432774
10,7,0.000389830771530906
10,8,0.356894049325128
10,9,0.00161231763766863
10,10,0
10,11,0.000145923855425433
10,12,0.00669157671743681
10,13,0.079929339009647
10,14,0.00646144646151237
10,15,0.0015278515929894
10,16,0.485002757842685
10,17,0.00970584689413297
10,18,0.0580885394843156
10,19,0.0741584837249597
10,20,0.357109324527351
11,1,0.110050779093323
11,2,0.301431407127804
11,3,0.00180479216582646
11,4,0.00215438968310608
11,5,0.000386698800736194
11,6,0.0148498761321658
11,7,0.000166799291255247
11,8,0.000408284218823892
11,9,0.003588666604602
11,10,0.000145923855425433
11,11,0
11,12,0.00169301383040049
11,13,0.000764641259623326
11,14,0.00839758167148223
11,15,0.0546100405045599
11,16,0.000299724595759035
11,17,0.0113660571047902
11,18,0.000210008288473255
11,19,0.0014488673310525
11,20,0.000380248056169677
12,1,0.00417007105483772
12,2,0.00202036907457078
12,3,0.00170895673769386
12,4,0.022866833247354
12,5,0.0389312818136423
12,6,0.112352063078113
12,7,0.0328637823612458
12,8,0.0135496619772411
12,9,0.21651232889862
12,10,0.00669157671743681
12,11,0.00169301383040049
12,12,0
12,13,0.00402120552390332
12,14,0.175167016521718
12,15,0.00323732183321866
12,16,0.0102128885457271
12,17,0.00848222248865062
12,18,0.0585732284759587
12,19,0.00872128438866507
12,20,0.0166438382393578
13,1,0.00668828343671509
13,2,0.000368858281415565
13,3,0.179917738230536
13,4,0.168678821444401
13,5,0.000156666568071453
13,6,0.00393173669076247
13,7,0.000143570656739203
13,8,0.14284225053147
13,9,0.00139713107184454
13,10,0.079929339009647
13,11,0.000764641259623326
13,12,0.00402120552390332
13,13,0
13,14,0.00904344532204978
13,15,0.0115384353259932
13,16,0.135942703318212
13,17,0.0672103536512321
13,18,0.0105038291133723
13,19,0.433000560613745
13,20,0.105324058365187
14,1,0.0238056234000403
14,2,0.00831489237828732
14,3,0.00580735536460878
14,4,0.0524331631278998
14,5,0.0114444585189396
14,6,0.38215124577967
14,7,0.0073810808025107
14,8,0.0164442838268105
14,9,0.137669559829907
14,10,0.00646144646151237
14,11,0.00839758167148223
14,12,0.175167016521718
14,13,0.00904344532204978
14,14,0
14,15,0.0181184587437714
14,16,0.0118406863022134
14,17,0.0380958926162995
14,18,0.0225620010267092
14,19,0.0208520220273481
14,20,0.0180078825899903
15,1,0.46088860436053
15,2,0.020162887498482
15,3,0.0326806314553938
15,4,0.0210946242367031
15,5,0.000259160922350694
15,6,0.0172096497145878
15,7,0.000144091834861041
15,8,0.0040869415967902
15,9,0.00330840273530509
15,10,0.0015278515929894
15,11,0.0546100405045599
15,12,0.00323732183321866
15,13,0.0115384353259932
15,14,0.0181184587437714
15,15,0
15,16,0.0031291309270318
15,17,0.157043528613129
15,18,0.000994103930611255
15,19,0.0190921653555264
15,20,0.00351218272526986
16,1,0.00218654534611146
16,2,0.000183083119850984
16,3,0.0252446927484473
16,4,0.138826340023778
16,5,0.000439687293158468
16,6,0.00455843641334578
16,7,0.000495227802869497
16,8,0.717280165593619
16,9,0.00262733446509242
16,10,0.485002757842685
16,11,0.000299724595759035
16,12,0.0102128885457271
16,13,0.135942703318212
16,14,0.0118406863022134
16,15,0.0031291309270318
16,16,0
16,17,0.0198315653558695
16,18,0.0608482498272705
16,19,0.145554015340593
16,20,0.610356296180438
17,1,0.0988663190206732
17,2,0.00525030860999898
17,3,0.116833872614481
17,4,0.127955856425041
17,5,0.000436049963458318
17,6,0.0234343110829506
17,7,0.00029391695017123
17,8,0.0257065827924211
17,9,0.0053549215811742
17,10,0.00970584689413297
17,11,0.0113660571047902
17,12,0.00848222248865062
17,13,0.0672103536512321
17,14,0.0380958926162995
17,15,0.157043528613129
17,16,0.0198315653558695
17,17,0
17,18,0.00486706813835968
17,19,0.120209492278718
17,20,0.0217475368615333
18,1,0.000940981895796318
18,2,0.000188342776466972
18,3,0.00242988974531663
18,4,0.0326458019169978
18,5,0.00440904734791786
18,6,0.00963068061209026
18,7,0.00620211577347856
18,8,0.0682902737153269
18,9,0.0127084203701048
18,10,0.0580885394843156
18,11,0.000210008288473255
18,12,0.0585732284759587
18,13,0.0105038291133723
18,14,0.0225620010267092
18,15,0.000994103930611255
18,16,0.0608482498272705
18,17,0.00486706813835968
18,18,0
18,19,0.0167729265823081
18,20,0.093074897203005
19,1,0.0120336988470612
19,2,0.000747637026877926
19,3,0.14477876169748
19,4,0.379739811576045
19,5,0.000342139138932455
19,6,0.00907371413525003
19,7,0.000300492393508856
19,8,0.174991531731309
19,9,0.00317921041833352
19,10,0.0741584837249597
19,11,0.0014488673310525
19,12,0.00872128438866507
19,13,0.433000560613745
19,14,0.0208520220273481
19,15,0.0190921653555264
19,16,0.145554015340593
19,17,0.120209492278718
19,18,0.0167729265823081
19,19,0
19,20,0.136012622566029
20,1,0.00259646721456159
20,2,0.000245617172021512
20,3,0.0210126559541558
20,4,0.165939979779461
20,5,0.000720374964661683
20,6,0.00689673071371612
20,7,0.000807772341788947
20,8,0.731727275455875
20,9,0.00421903837930482
20,10,0.357109324527351
20,11,0.000380248056169677
20,12,0.0166438382393578
20,13,0.105324058365187
20,14,0.0180078825899903
20,15,0.00351218272526986
20,16,0.610356296180438
20,17,0.0217475368615333
20,18,0.093074897203005
20,19,0.136012622566029
20,20,0
